%YAML:1.0
---
image_width: 1280
image_height: 720
camera_matrix: !!opencv-matrix
   rows: 3
   cols: 3
   dt: d
   data: [ 9.6778424176291969e+02, 0., 5.6507103307095190e+02, 0.,
       9.5011318373143240e+02, 4.0410194727717806e+02, 0., 0., 1. ]
distortion_coefficients: !!opencv-matrix
   rows: 1
   cols: 5
   dt: d
   data: [ 4.6868592563882688e-01, -3.0736735549235856e+00,
       1.8322647369827597e-02, -4.5981315085461223e-02,
       1.0775313279733155e+01 ]
